21	10
0	0.714114 27.0076
1	-64.6591 51.2696
2	-78.8041 7.11146
3	0 0
4	1.49019 49.0159
5	48.4769 68.5458
6	57.1455 46.6438
7	77.2183 -133.129
8	19.7329 -67.7766
9	-89.7641 -40.0104
10	-35.7984 -75.4016
11	24.2528 -93.7253
12	63.7827 -65.2807
13	-5.88231 -118.064
14	22.5381 -124.744
15	39.2188 53.4415
16	9.12699 110.101
17	57.1455 46.6438
18	88.3291 70.9956
19	70.3651 80.7928
20	48.4769 68.5458
400
0	3	#
400
0	3	8	12	#
400
0	3	8	11	#
400
0	3	10	#
400
0	3	10	13	#
400
0	4	16	#
400
0	4	15	17	18	#
400
0	4	15	20	#
400
0	1	2	#
400
0	1	2	9	#



