20	14
0	34.4692	-65.6952
1	17.0369	-44.9705
2	102.004	-92.8359
3	95.8276	-48.9984
4	75.0713	-116.945
5	75.0114	-60.6201
6	46.8984	-101.085
7	-5.43219	-68.1956
8	-5.57117	-92.082
9	17.4164	-0.983869
10	-12.4116	-41.498
11	43.1475	-165.251
12	75.9283	-32.4746
13	7.65959	-125.741
14	67.8049	-85.8664
15	44.7473	-23.6674
16	33.5878	-129.02
17	75.1188	0.124536
18	24.3364	-25.351
19	27.2256	-96.1427
500
12	0	#
500
3	0	#
500
5	0	#
500
2	14	0	#
500
4	0	#
500
6	19	0	#
500
11	16	0	#
500
13	19	0	#
500
8	0	#
500
7	0	#
500
10	0	#
500
1	0	#
500
9	18	0	#
500
17	15	0	#




